25265945
32165464
34700104
18315080
37138943
35204398
38232213
31995405
33720951
30175988
33265987
35133119
35683387
34393993
26844494
13042364
35809367
32174423
37811472
30579567
38203756
36937486
38680915
35177215
40349576
36854074
34220438
21865264
40057017
26641908
38466625
29048536
35544789
33047047
27138921
35221499
22654584
34675073
35783235
40264669
31602113
35940300
37076724
40386827
36360093
38552957
39717239
32389328
30516585
37705067
37727800
38613513
35800607
35131174
35773208
40780491
33362290
39239133
36852985
37941236
34127024
34849661
38710917
34832397
40156341
26336738
40694882
35914296
26358575
37411036
36159195
38382626
37571558
34373139
38202808
21402359
27669572
39369319
38149504
36496833
35506197
40437506
40786076
40516125
34349767
39333130
26190236
37904668
38876869
32916968
30491539
38403423
40585673
38125123
10084764
38919383
39146954
37982000
40339890
40081530
26288112
28558121
40973167
36576068
32055347
39482984
36360099
39704580
35757065
35585901
33847293
34054955
38198407
39415794
40642034
39279618
22096764
32886000
37451237
37034619
38333249
36035748
37677702
27790896
39463349
39417132
40889154
35174668
29929246
40158889
40555445
38911309
30214001
35824326
40720318
35708037
34535983
13455748
40615548
39872130
40096586
38333158
30447166
14398659
39287571
36698196
17021578
39932191
39859738
19828041
40672789
35304568
35418034
33245800
33672484
33983794
35131170
22194671
35099060
34528448
38767924
18773552
40339911
34398014
36524749
30717039
35821458
19802913
34495965
38019477
39721788
23003987
40722879
37150673
38889695
36594588
32045560
39304944
37360757
15830934
39810869
39995314
35420527
34006259
30041599
34772584
34205003
32749781
37279761
40648768
16031370
33082125
34632208
35368484
37606676
19279267
38377419
39678794
29683715
36719473
36833361
36164488
35778412
37138946
39463346
31828876
40660081
35916305
33563273
38294358
36777304
35324694
35750654
39734078
36748307
24027678
37085535
38023336
37994107
20461630
37325427
37422298
34340936
35463347
34966267
38888849
37220674
39695668
30945324
39446355
37808177
37313223
25619683
38729340
35809485
38232214
35922260
38555776
38848649
25827304
23593060
39246017
32225276
36407118
40182304
34468601
34162728
35236522
38360809
32171887
25847438
30430976
19960209
37076968
24922269
18971041
39108976
34181866
40029781
17811732
34547488
34397256
36246778
32174422
30015756
18676893
31615269
35399422
14525579
40344055
35303171
37554765
39283177
34418041
39648675
25526847
21256683
36573157
34498767
36758062
38247391
36669829
38315702
16362662
25975746
40196565
25386736
32946874
29824764
34610255
37914911
18019272
33849534
38232212
37883774
38284727
37816938
37429114
38800942
28943890
40785974
39148766
34856842
35875680
36854941
33078934
24103221
35595179
38228037
37348091
18482286
33091864
36412487
22761293
21928555
23604552
39869769
38117068
37307441
34805324
36320916
40645569
20816763
38848297
36436726
37308867
32914228
18505325
34394406
27067825
38498991
37252925
40930831
34067780
33275457
33095745
34684265
33111345
37243434
36085912
15721839
36539279
37505900
32519344
37295666
40992607
40708830
28992008
34849668
40708836
36048059
36186477
39943820
19250787
23792120
40644104
38018668
34378953
38211909
35098731
37014050
35876053
25743600
30532822
18980974
40810098
28309940
32214898
12052121
35657259
25259581
38733870
29390144
30430970
39837154
36555858
37148533
37215189
38678970
40154279
36538278
35323315
36581659
32029369
29666951
35549828
17493655
18270325
30083103
38900624
23338862
38764511
39541762
37382503
32925805
37603795
34342808
34587161
40307727
35923076
37316886
36834860
13835015
35151246
29726332
35096388
38088541
40677294
40344057
32830488
37574003
37801387
34356801
36007612
38303320
24470942
37795311
37645854
31760656
36246776
34538705
40149058
36854290
27638951
32082355
35831525
38089519
31146595
37806656
32914227
31072179
33566064
10359383
32899109
34784029
34789836
27475293
37257729
34295377
34242346
39015004
37165427
36286513
36418906
40785978
34064962
35584038
22724080
37654111
21999036
38232215
36369751
26786142
40708835
36984656
32157618
30512027
26688564
30402111
36527065
36404268
23161353
34127025
28823247
39147190
40889966
22013080
39537439
33029250
34129111
36320917
32607613
29125345
18898971
32595047
36920665
23160601
11611423
36630731
29458784
40602926
34282695
39730529
40580596
26605303
28272054
38902087
28419258
33140144
29517817
38580611
40360215
40606167
36036067
35773599
35026363
33228912
32300725
18560234
35921083
35999132
34965051
37138945
32209711
41009879
19960207
34890170
27874539
35240245
10603968
37779328
32219784
29084691
40570702
39838277
38297701
33511971
35546535
35220720
29666122
40380403
35443027
34912581
38966636
36524213
34661665
32453345
32843610
37252778
30119673
31849775
40021903
35331056
36480997
18474444
32649227
38829551
26270561
30613207
40727143
27189834
28944253
38066824
35621008
32852749
38714481
19476009
28544605
21497147
36085897
35460697
38198408
40031177
28280532
38000813
38148371
20345073
22951824
38664893
39333131
19416516
37986590
37120567
24164029
39351956
38302289
38864253
32580249
33316365
37562259
34876948
39768704
28685504
22861142
39509863
36445065
36341436
39647456
39497025
37138944
34723424
36652412
35573266
36027787
21226611
35633344
25733492
34476141
36034110
17401463
18707522
38069585
38995695
34546899
38069879
35883626
34421115
39730527
39830307
26041878